batch:10 | visited_total:500 | bets_total:15 | total spent 13029.74 | batch P/L: 652.07 | total P/L: 2820.27 | bank: 7820.27 | last_time_found: 2025-11-05T14:00:12.221531+00:00

batch:12 | visited_total:600 | bets_total:23 | total spent 22256.38 | batch P/L: 783.54 | total P/L: 11686.79 | bank: 16686.79 | last_time_found: 2025-11-05T16:50:27.567743+00:00
